15.375
8.2534
12.507
13.291
14.678
12.995
11.279
8.8425
10.692
7.4381
14.742
13.269
10.942
12.199
12.231
14.333
10.58
7.781
16.831
12.308
8.6394
11.973
11.517
10.511
9.149
13.739
15.819
12.203
13.645
7.7008
10.77
10.915
12.618
8.7304
9.4874
20.608
9.5764
12.376
15.667
15.237
13.891
13.951
8.8469
13.607
11.236
10.566
15.377
9.9552
10.423
9.9432
10.581
9.0798
8.5124
14.074
11.082
10.336
10.58
12.215
9.182
10.831
12.503
7.959
10.18
12.451
13.212
11.286
9.3017
10.974
15.179
11.481
14.04
13.905
18.621
11.945
13.244
13.197
9.7187
11.436
14.482
10.559
11.331
18.699
16.918
11.877
12.96
8.3883
12.11
14.481
8.3667
12.919
13.797
12.218
13.447
9.9623
13.925
12.439
8.9461
11.043
10.794
13.698
14.464
13.474
9.2143
7.7136
12.443
9.4456
8.6457
7.4795
18.216
9.196
12.565
11.839
18.888
14.862
11.64
13.698
12.99
18.087
17.837
13.136
9.887
13.044
8.8788
11.879
12.84
7.6012
10.36
13.997
7.3261
10.959
11.76
11.601
18.721
11.531
8.9319
10.353
10.415
9.2709
10.373
12.448
13.307
11.682
8.5251
14.078
8.5053
16.336
8.4174
9.8347
11.174
13.583
13.865
13.834
11.251
15.617
9.998
9.5951
13.479
13.368
13.567
14.819
9.4059
8.0454
9.0863
12.387
7.832
12.082
12.252
10.907
11.959
9.9006
13.045
13.724
11.863
17.291
9.6607
12.072
11.081
10.326
10.762
19.326
10.456
14.122
14.149
8.5964
9.0798
13.491
8.5462
15.896
15.205
15.798
9.8587
13.447
11.428
9.7936
11.998
11.799
10.438
10.873
14.097
12.844
9.8342
12.83
11.467
15.541
16.36
11.446
11.01
13.968
14.748
19.895
9.589
10.034
10.059
16.237
14.827
7.7298
14.535
13.468
17.114
8.9912
11.672
16.613
12.227
10.425
9.6544
12.425
15.42
13.356
9.9875
7.8357
12.503
8.9743
10.95
14.078
11.591
10.547
16.424
13.52
10.447
14.85
8.5233
9.7393
13.685
12.512
8.9219
12.151
11.643
10.011
10.623
8.5469
11.195
7.826
13.097
17.727
11.737
11.42
12.712
12.369
9.1662
11.349
10.707
9.4212
15.044
9.1241
17.396
14.279
12.183
10.262
9.768
11.123
13.095
11.606
10.478
11.666
14.625
12.673
14.338
13.985
16.257
12.35
11.094
8.7434
11.295
14.812
11.838
10.82
12.372
10.116
15.111
11.035
6.8051
10.401
14.132
9.544
11.735
12.858
11.095
11.721
12.122
9.5003
11.888
12.368
8.7139
9.765
13.354
8.9233
14.614
10.885
12.113
9.1631
15.866
8.3958
11.078
11.371
11.013
13.449
12.44
11.941
12.491
14.067
18.281
11.751
13.065
13.21
13.721
11.645
13.795
