0.000000000000000000e+00 -1.403522886760803523e+01
2.564102564102564319e+00 2.139276183143396537e+01
5.128205128205128638e+00 4.304527672447455444e+01
7.692307692307693401e+00 -1.223138479228244080e+01
1.025641025641025728e+01 -7.202925810448718380e+01
1.282051282051282115e+01 4.570301765765453439e+00
1.538461538461538680e+01 4.843103038092525026e+01
1.794871794871794890e+01 4.424125405281098722e+01
2.051282051282051455e+01 6.785024316895051300e+01
2.307692307692308020e+01 7.813200616257213937e+01
2.564102564102564230e+01 -4.719300176489491605e+01
2.820512820512820795e+01 5.031819017133124561e+01
3.076923076923077360e+01 3.673973218051816758e+01
3.333333333333333570e+01 5.682346205146988183e+01
3.589743589743589780e+01 1.205615661949497195e+02
3.846153846153846700e+01 1.715564089953991243e+02
4.102564102564102910e+01 1.343390147104649657e+02
4.358974358974359120e+01 3.954831991988109507e+01
4.615384615384616041e+01 2.391961774736981852e+02
4.871794871794872250e+01 1.134438351741792417e+01
5.128205128205128460e+01 1.292980612077967351e+02
5.384615384615385381e+01 7.496399652714760009e+01
5.641025641025641590e+01 2.126992628085125716e+02
5.897435897435897800e+01 2.064011037061785885e+02
6.153846153846154721e+01 1.667335641806692763e+02
6.410256410256410220e+01 2.206877982696712763e+02
6.666666666666667140e+01 1.637123656326862715e+02
6.923076923076924061e+01 2.135634616425586785e+02
7.179487179487179560e+01 2.249749071556527724e+02
7.435897435897436480e+01 2.689753996915671905e+02
7.692307692307693401e+01 2.211098180670528848e+02
7.948717948717948900e+01 2.618898847298817714e+02
8.205128205128205821e+01 2.343545423314114373e+02
8.461538461538462741e+01 1.783452289308108334e+02
8.717948717948718240e+01 2.548343507879998810e+02
8.974358974358975161e+01 2.387048791489334292e+02
9.230769230769232081e+01 2.836618656908743787e+02
9.487179487179487580e+01 2.272136306827126759e+02
9.743589743589744501e+01 2.986730645766213570e+02
1.000000000000000000e+02 3.171495940817076189e+02
