221.46 1175
221.93 1271
222.4 1316
222.88 1286
223.35 1268
223.83 1281
224.3 1316
224.78 1416
225.25 1361
225.73 1312
226.2 1318
226.68 1387
227.15 1396
227.62 1425
228.1 1447
228.57 1383
229.05 1427
229.52 1521
230 1427
230.47 1504
230.95 1520
231.42 1668
231.9 1502
232.37 1634
232.84 1621
233.32 1673
233.79 1629
234.27 1767
234.74 1742
235.22 1735
235.69 1930
236.17 1873
236.64 1930
237.11 2003
237.59 2022
238.06 2015
238.54 2077
239.01 2140
239.49 2238
239.96 2182
240.44 2190
240.91 2332
241.39 2404
241.86 2297
242.33 2496
242.81 2322
243.28 2443
243.76 2501
244.23 2648
244.71 2589
245.18 2625
245.66 2590
246.13 2702
246.61 2788
247.08 2712
247.55 2903
248.03 2864
248.5 2907
248.98 2961
249.45 2845
249.93 3055
250.4 2913
250.88 3010
251.35 3164
251.83 3156
252.3 3110
252.77 3073
253.25 3130
253.72 3186
254.2 3234
254.67 3193
255.15 3294
255.62 3387
256.1 3402
256.57 3361
257.04 3459
257.52 3448
257.99 3538
258.47 3640
258.94 3487
259.42 3629
259.89 3724
260.37 3753
260.84 3799
261.32 3856
261.79 3814
262.26 3843
262.74 3852
263.21 3988
263.69 3850
264.16 4059
264.64 4012
265.11 3952
265.59 4028
266.06 4107
266.54 4061
267.01 4027
267.48 4048
267.96 4196
268.43 4078
268.91 4105
269.38 4132
269.86 4261
270.33 4226
270.81 4236
271.28 4223
271.75 4186
272.23 4254
272.7 4204
273.18 4216
273.65 4142
274.13 4213
274.6 4117
275.08 4053
275.55 4090
276.03 4011
276.5 3994
276.97 4182
277.45 3885
277.92 3944
278.4 3755
278.87 3899
279.35 3719
279.82 3749
280.3 3698
280.77 3768
281.25 3741
281.72 3694
282.19 3508
282.67 3702
283.14 3565
283.62 3545
284.09 3588
284.57 3500
285.04 3557
285.52 3443
285.99 3486
286.46 3437
286.94 3465
287.41 3377
287.89 3562
288.36 3450
288.84 3578
289.31 3630
289.79 3632
290.26 3626
290.74 3679
291.21 3683
291.68 3811
292.16 3753
292.63 3930
293.11 3980
293.58 4061
294.06 4154
294.53 4234
295.01 4392
295.48 4427
295.96 4517
296.43 4727
296.9 4854
297.38 4956
297.85 4980
298.33 5315
298.8 5142
299.28 5468
299.75 5487
300.23 5679
300.7 5806
301.18 5944
301.65 6144
302.12 6316
302.6 6585
303.07 6623
303.55 6793
304.02 6948
304.5 6964
304.97 7295
305.45 7275
305.92 7517
306.39 7561
306.87 7843
307.34 7765
307.82 8057
308.29 8146
308.77 8334
309.24 8365
309.72 8480
310.19 8486
310.67 8774
311.14 8686
311.61 8756
312.09 8881
312.56 9130
313.04 9118
313.51 8943
313.99 9138
314.46 9139
314.94 9215
315.41 9323
315.89 9333
316.36 9213
316.83 9201
317.31 9153
317.78 9063
318.26 9301
318.73 9053
319.21 9131
319.68 9106
320.16 8820
320.63 8782
321.1 8958
321.58 8732
322.05 8654
322.53 8783
323 8357
323.48 8339
323.95 8140
324.43 8077
324.9 7920
325.38 7810
325.85 7683
326.32 7531
326.8 7443
327.27 7341
327.75 7297
328.22 7034
328.7 7007
329.17 6677
329.65 6656
330.12 6577
330.6 6337
331.07 6165
331.54 6100
332.02 6078
332.49 5897
332.97 5766
333.44 5636
333.92 5525
334.39 5538
334.87 5173
335.34 5079
335.82 5042
336.29 4874
336.76 4856
337.24 4582
337.71 4735
338.19 4555
338.66 4390
339.14 4280
339.61 4269
340.09 4108
340.56 4163
341.03 3978
341.51 3928
341.98 3865
342.46 3819
342.93 3732
343.41 3563
343.88 3690
344.36 3564
344.83 3321
345.31 3509
345.78 3416
346.25 3351
346.73 3176
347.2 3116
347.68 3214
348.15 3069
348.63 2931
349.1 2995
349.58 2868
350.05 2906
350.53 2829
351 2772
351.47 2646
351.95 2708
352.42 2626
352.9 2543
353.37 2570
353.85 2447
354.32 2470
354.8 2313
355.27 2373
355.74 2268
356.22 2199
356.69 2220
357.17 2187
357.64 2061
358.12 1939
358.59 1935
359.07 1933
359.54 1901
360.02 1821
360.49 1752
360.96 1715
361.44 1743
361.91 1649
362.39 1667
362.86 1558
363.34 1475
363.81 1435
364.29 1484
364.76 1427
365.24 1424
365.71 1398
366.18 1306
366.66 1290
367.13 1225
367.61 1177
368.08 1147
368.56 1122
369.03 1144
369.51 1019
369.98 1062
370.45 1001
370.93 1010
371.4 1031
371.88 994
372.35 955
372.83 931
373.3 894
373.78 965
374.25 894
374.73 904
375.2 888
375.67 870
376.15 848
376.62 799
377.1 865
377.57 805
378.05 856
378.52 805
379 782
379.47 783
379.95 811
380.42 781
380.89 797
381.37 787
381.84 818
382.32 748
382.79 765
383.27 786
383.74 750
384.22 769
384.69 800
385.16 777
385.64 735
386.11 803
386.59 828
387.06 768
387.54 776
388.01 800
388.49 807
388.96 797
389.44 794
389.91 808
390.38 766
390.86 784
391.33 750
391.81 783
392.28 775
392.76 772
393.23 773
393.71 717
394.18 759
394.66 724
395.13 696
395.6 782
396.08 733
396.55 747
397.03 661
397.5 727
397.98 719
398.45 724
398.93 704
399.4 680
399.88 697
400.35 697
400.82 691
401.3 660
401.77 650
402.25 689
402.72 594
403.2 631
403.67 632
404.15 617
404.62 623
405.09 605
405.57 503
406.04 553
406.52 545
406.99 540
407.47 531
407.94 553
408.42 481
408.89 476
409.37 490
409.84 459
410.31 438
410.79 405
411.26 437
411.74 420
412.21 407
412.69 343
413.16 388
413.64 333
414.11 350
414.59 350
415.06 335
415.53 334
416.01 336
416.48 300
416.96 288
417.43 271
417.91 267
418.38 289
418.86 250
419.33 238
419.8 251
420.28 223
420.75 216
421.23 219
421.7 210
422.18 183
422.65 201
423.13 237
423.6 171
424.08 207
424.55 170
425.02 172
425.5 171
425.97 161
426.45 154
426.92 135
427.4 144
427.87 121
428.35 135
428.82 125
429.3 130
429.77 147
430.24 108
430.72 104
431.19 93
431.67 118
432.14 117
432.62 122
433.09 82
433.57 103
434.04 110
434.51 98
434.99 86
435.46 92
435.94 86
436.41 90
436.89 75
437.36 83
437.84 89
438.31 88
438.79 94
439.26 70
439.73 86
440.21 70
440.68 86
441.16 63
441.63 82
442.11 71
442.58 73
443.06 69
443.53 50
444.01 59
444.48 71
444.95 51
445.43 53
445.9 62
446.38 53
446.85 60
447.33 42
447.8 55
448.28 45
448.75 43
449.23 55
449.7 54
450.17 43
450.65 49
451.12 45
451.6 44
452.07 49
452.55 42
453.02 34
453.5 39
453.97 48
454.44 46
454.92 39
455.39 33
455.87 45
456.34 34
456.82 39
457.29 36
457.77 36
458.24 44
458.72 32
459.19 29
459.66 28
460.14 24
